1 0.4703125 0.609375 0.4953125 0.5921875 0.515625 0.5875 0.65 0.5875 0.653125 0.5859375 0.6546875 0.5875 0.6828125 0.5875 0.6875 0.5890625 0.6921875 0.5953125 0.7078125 0.625 0.7109375 0.6359375 0.7125 0.6765625 0.7171875 0.7078125 0.715625 0.728125 0.709375 0.7421875 0.703125 0.7484375 0.671875 0.7734375 0.659375 0.7875 0.6234375 0.815625 0.6171875 0.8234375 0.6171875 0.828125 0.63125 0.8390625 0.640625 0.85 0.6609375 0.884375 0.6671875 0.8828125 0.675 0.875 0.6859375 0.86875 0.7015625 0.871875 0.753125 0.85 0.765625 0.8484375 0.7734375 0.84375 0.8078125 0.834375 0.84375 0.828125 0.8484375 0.825 0.8828125 0.821875 0.8875 0.81875 0.9015625 0.815625 0.903125 0.8171875 0.9046875 0.815625 0.965625 0.8171875 0.98125 0.821875 0.984375 0.8203125 0.9984375 0.8234375 0.9984375 0.9828125 0.996875 0.984375 0.9984375 0.9953125 0.9953125 0.996875 0.9796875 0.9984375 0.975 0.996875 0.9484375 0.996875 0.946875 0.9984375 0.9234375 0.996875 0.921875 0.9984375 0.9203125 0.996875 0.8796875 0.9953125 0.878125 0.996875 0.846875 0.996875 0.8453125 0.9984375 0.8421875 0.996875 0.809375 0.996875 0.8078125 0.9984375 0.8 0.996875 0.728125 0.996875 0.7265625 0.9984375 0.725 0.996875 0.7 0.996875 0.6984375 0.9984375 0.684375 0.9953125 0.68125 0.990625 0.665625 0.9875 0.6609375 0.99375 0.6578125 0.990625 0.6515625 0.990625 0.646875 0.9953125 0.6359375 0.996875 0.5578125 0.996875 0.55625 0.9984375 0.553125 0.996875 0.5203125 0.9984375 0.4984375 0.9953125 0.446875 0.9953125 0.4453125 0.996875 0.390625 0.9953125 0.3625 0.9984375 0.3609375 0.996875 0.35 0.9984375 0.346875 0.996875 0.3375 0.9984375 0.328125 0.996875 0.3265625 0.9984375 0.29375 0.9984375 0.2921875 0.996875 0.1625 0.9984375 0.1546875 0.99375 0.1296875 0.9984375 0.0796875 0.9984375 0.078125 0.996875 0.0796875 0.9828125 0.084375 0.96875 0.0953125 0.95 0.11875 0.9296875 0.1546875 0.91875 0.1609375 0.9125 0.1609375 0.909375 0.1828125 0.8796875 0.2109375 0.8546875 0.240625 0.8328125 0.265625 0.81875 0.278125 0.8140625 0.290625 0.8125 0.2953125 0.809375 0.3203125 0.8078125 0.334375 0.8046875 0.3484375 0.80625 0.353125 0.8015625 0.353125 0.7984375 0.3453125 0.7625 0.3453125 0.7328125 0.346875 0.73125 0.346875 0.7109375 0.3515625 0.6984375 0.3546875 0.69375 0.359375 0.6921875 0.440625 0.6328125 0.4484375 0.625 0.4703125 0.6109375
0 0.028125 0.11875 0.0328125 0.1171875 0.0546875 0.11875 0.071875 0.125 0.078125 0.125 0.0921875 0.1421875 0.096875 0.1546875 0.096875 0.1671875 0.0921875 0.175 0.0734375 0.1671875 0.0609375 0.1671875 0.05625 0.1703125 0.0515625 0.1703125 0.0421875 0.1625 0.03125 0.1625 0.0234375 0.159375 0.015625 0.1609375 0.009375 0.146875 0.009375 0.134375 0.0109375 0.1296875 0.01875 0.128125 0.028125 0.1203125
0 0.625 0.159375 0.646875 0.1671875 0.675 0.171875 0.6890625 0.178125 0.696875 0.1953125 0.703125 0.2 0.7203125 0.2375 0.721875 0.28125 0.71875 0.30625 0.7125 0.3203125 0.7015625 0.328125 0.6984375 0.340625 0.6890625 0.353125 0.678125 0.3515625 0.675 0.33125 0.6703125 0.3265625 0.653125 0.3265625 0.6515625 0.328125 0.6359375 0.3265625 0.63125 0.3234375 0.6171875 0.3203125 0.6125 0.315625 0.6078125 0.315625 0.6015625 0.325 0.5875 0.328125 0.584375 0.3265625 0.58125 0.31875 0.5796875 0.2890625 0.56875 0.28125 0.565625 0.28125 0.559375 0.290625 0.5546875 0.290625 0.5515625 0.2875 0.55 0.278125 0.5515625 0.25 0.55625 0.221875 0.5640625 0.2078125 0.565625 0.2 0.5640625 0.196875 0.5734375 0.1953125 0.596875 0.1640625 0.609375 0.159375 0.6234375 0.159375
0 0.490625 0.171875 0.49375 0.175 0.49375 0.1875 0.490625 0.1984375 0.4890625 0.196875 0.48125 0.1984375 0.4828125 0.178125 0.484375 0.1734375 0.4890625 0.171875
0 0.334375 0.1890625 0.33125 0.1875 0.328125 0.190625 0.325 0.1859375 0.3265625 0.16875 0.33125 0.1578125 0.334375 0.1546875 0.3453125 0.1546875 0.353125 0.165625 0.3546875 0.175 0.353125 0.1875 0.3484375 0.1859375 0.3359375 0.1875
0 0.3109375 0.1640625 0.321875 0.175 0.3171875 0.1828125 0.303125 0.178125 0.3015625 0.1796875 0.2875 0.178125 0.2875 0.1671875 0.29375 0.159375 0.3046875 0.1578125 0.309375 0.1640625
0 0.996875 0.425 0.9984375 0.425 0.9984375 0.5515625 0.996875 0.553125 0.9984375 0.5984375 0.9953125 0.6125 0.9921875 0.6171875 0.9984375 0.6203125 0.996875 0.621875 0.9984375 0.6265625 0.9984375 0.7484375 0.99375 0.7390625 0.9796875 0.675 0.9640625 0.65 0.9421875 0.621875 0.934375 0.6015625 0.934375 0.5796875 0.9453125 0.5515625 0.9453125 0.5421875 0.95 0.53125 0.9515625 0.5171875 0.9625 0.484375 0.9796875 0.4609375 0.984375 0.44375 0.996875 0.4265625
0 0.525 0.159375 0.5421875 0.1640625 0.546875 0.16875 0.55 0.1875 0.55625 0.19375 0.559375 0.2015625 0.5578125 0.2140625 0.5546875 0.21875 0.5484375 0.2421875 0.5453125 0.240625 0.54375 0.2328125 0.5359375 0.234375 0.5328125 0.228125 0.51875 0.2265625 0.5125 0.2359375 0.5046875 0.2265625 0.5046875 0.2 0.5125 0.1671875 0.515625 0.1609375 0.5234375 0.159375
0 0.1703125 0.1390625 0.1734375 0.1375 0.1984375 0.1390625 0.2078125 0.1484375 0.2171875 0.1625 0.2171875 0.18125 0.215625 0.1828125 0.20625 0.178125 0.2 0.1859375 0.1953125 0.1859375 0.1875 0.178125 0.178125 0.178125 0.1734375 0.1828125 0.1703125 0.1828125 0.165625 0.1703125 0.165625 0.15 0.1703125 0.140625
0 0.509375 0.171875 0.5015625 0.2109375 0.49375 0.2109375 0.4921875 0.19375 0.496875 0.175 0.5 0.171875 0.5078125 0.171875
0 0.4078125 0.1546875 0.409375 0.175 0.403125 0.1828125 0.3984375 0.1828125 0.3953125 0.1859375 0.3921875 0.184375 0.390625 0.1796875 0.390625 0.16875 0.39375 0.159375 0.3984375 0.1546875 0.40625 0.1546875
0 0.434375 0.1546875 0.4453125 0.159375 0.45 0.178125 0.453125 0.1828125 0.4546875 0.190625 0.453125 0.228125 0.4484375 0.228125 0.4421875 0.2203125 0.4328125 0.21875 0.421875 0.21875 0.4109375 0.225 0.40625 0.2234375 0.40625 0.1796875 0.4125 0.171875 0.4140625 0.159375 0.41875 0.1546875 0.4328125 0.1546875
0 0.478125 0.16875 0.484375 0.16875 0.4859375 0.171875 0.4828125 0.175 0.4796875 0.190625 0.4765625 0.190625 0.478125 0.1703125