0 0.01875 0.459375 0.0203125 0.4703125 0.01875 0.490625 0.0125 0.4890625 0.0078125 0.4921875 0.003125 0.484375 0.0046875 0.48125 0.003125 0.471875 0.009375 0.459375 0.0171875 0.459375
0 0.95 0.528125 0.975 0.53125 0.9953125 0.5375 0.9984375 0.540625 0.9984375 0.740625 0.9890625 0.740625 0.971875 0.7328125 0.9640625 0.7203125 0.959375 0.7015625 0.940625 0.6921875 0.9359375 0.6875 0.9 0.6734375 0.846875 0.6484375 0.840625 0.6484375 0.8328125 0.65625 0.825 0.65625 0.815625 0.646875 0.80625 0.6234375 0.8046875 0.6125 0.80625 0.5953125 0.8109375 0.5796875 0.8171875 0.571875 0.8359375 0.565625 0.859375 0.5640625 0.88125 0.5453125 0.9015625 0.5328125 0.9109375 0.5296875 0.9484375 0.528125
0 0.54375 0.4875 0.5453125 0.490625 0.54375 0.4984375 0.5375 0.5125 0.5359375 0.5234375 0.5296875 0.5234375 0.5265625 0.5171875 0.5265625 0.509375 0.5296875 0.5015625 0.5296875 0.4921875 0.5375 0.4875 0.5421875 0.4875
0 0.053125 0.48046875 0.0234375 0.0265625
0 0.521875 0.4921875 0.5296875 0.490625 0.525 0.515625 0.51875 0.5140625 0.51875 0.4984375 0.521875 0.49375
0 0.26875 0.4765625 0.2828125 0.4765625 0.2921875 0.4859375 0.2921875 0.490625 0.284375 0.4953125 0.2640625 0.4953125 0.2640625 0.484375 0.26875 0.478125
0 0.228125 0.4921875 0.2265625 0.4984375 0.20625 0.5 0.2046875 0.4890625 0.2140625 0.4796875 0.21875 0.478125 0.221875 0.4796875 0.221875 0.4859375 0.2265625 0.4921875
0 0.575 0.4875 0.578125 0.490625 0.578125 0.4984375 0.5671875 0.5109375 0.559375 0.5328125 0.546875 0.5453125 0.5390625 0.534375 0.5375 0.5203125 0.5453125 0.4921875 0.553125 0.484375 0.5734375 0.4875
0 0.3625 0.4796875 0.36875 0.4859375 0.36875 0.490625 0.3484375 0.490625 0.346875 0.4890625 0.3484375 0.4796875 0.3515625 0.478125 0.3609375 0.4796875
0 0.103125 0.46875 0.1078125 0.4765625 0.1171875 0.478125 0.1203125 0.48125 0.1203125 0.490625 0.1125 0.5 0.0953125 0.496875 0.084375 0.4984375 0.0796875 0.5015625 0.071875 0.4984375 0.0703125 0.4875 0.071875 0.471875 0.078125 0.471875 0.0890625 0.4671875 0.1015625 0.46875
0 0.6078125 0.4984375 0.6234375 0.503125 0.6296875 0.509375 0.63125 0.515625 0.6421875 0.5296875 0.64375 0.5640625 0.6421875 0.571875 0.6359375 0.5828125 0.6296875 0.5828125 0.6234375 0.5734375 0.609375 0.571875 0.5890625 0.5734375 0.58125 0.58125 0.578125 0.5796875 0.575 0.565625 0.5703125 0.5609375 0.5609375 0.559375 0.559375 0.5390625 0.5625 0.525 0.5765625 0.5 0.60625 0.4984375
0 0.496875 0.484375 0.503125 0.4875 0.50625 0.4921875 0.50625 0.515625 0.5015625 0.515625 0.496875 0.5125 0.4875 0.515625 0.4859375 0.5109375 0.4875 0.4921875 0.4953125 0.484375
0 0.5640625 0.7359375 0.565625 0.7375 0.6078125 0.7390625 0.621875 0.74375 0.653125 0.759375 0.6859375 0.78125 0.6921875 0.7765625 0.6890625 0.7796875 0.70625 0.79375 0.7078125 0.7984375 0.728125 0.8171875 0.7703125 0.8625 0.78125 0.871875 0.8 0.8828125 0.8234375 0.884375 0.8484375 0.8890625 0.8640625 0.8890625 0.8703125 0.8921875 0.8890625 0.8921875 0.896875 0.896875 0.915625 0.896875 0.9203125 0.9 0.9390625 0.9015625 0.95625 0.90625 0.975 0.90625 0.9765625 0.9078125 0.984375 0.90625 0.9953125 0.909375 0.9984375 0.9140625 0.9984375 0.9671875 0.9953125 0.9953125 0.96875 0.9953125 0.9671875 0.996875 0.9421875 0.996875 0.940625 0.9953125 0.9375 0.996875 0.8125 0.9953125 0.8109375 0.996875 0.80625 0.9953125 0.790625 0.9984375 0.7828125 0.9953125 0.715625 0.996875 0.7140625 0.9984375 0.7109375 0.996875 0.6875 0.996875 0.6859375 0.9984375 0.6828125 0.996875 0.6796875 0.9984375 0.671875 0.996875 0.6671875 0.9984375 0.6625 0.996875 0.59375 0.996875 0.5921875 0.9953125 0.5859375 0.996875 0.578125 0.99375 0.5765625 0.9953125 0.5703125 0.99375 0.553125 0.9953125 0.546875 0.9921875 0.540625 0.9828125 0.5375 0.9859375 0.540625 0.990625 0.5296875 0.9953125 0.525 0.99375 0.5171875 0.996875 0.5 0.996875 0.4890625 0.9921875 0.4921875 0.9875 0.4859375 0.98125 0.4828125 0.9828125 0.48125 0.9875 0.484375 0.990625 0.4828125 0.9921875 0.4765625 0.9953125 0.4625 0.996875 0.45625 0.9953125 0.440625 0.9953125 0.4390625 0.996875 0.4359375 0.9953125 0.4109375 0.9953125 0.409375 0.996875 0.40625 0.9953125 0.3953125 0.996875 0.346875 0.9953125 0.3390625 0.990625 0.3421875 0.9875 0.3375 0.9828125 0.3296875 0.9828125 0.328125 0.9921875 0.325 0.9953125 0.3109375 0.9984375 0.2875 0.9984375 0.2796875 0.9953125 0.2765625 0.996875 0.2734375 0.9953125 0.2703125 0.996875 0.265625 0.9953125 0.2625 0.996875 0.2546875 0.9953125 0.2484375 0.996875 0.228125 0.996875 0.2265625 0.9953125 0.1171875 0.9953125 0.115625 0.996875 0.1140625 0.9953125 0.0984375 0.996875 0.09375 0.9953125 0.0671875 0.9953125 0.065625 0.996875 0.021875 0.9953125 0.0171875 0.996875 0.0046875 0.9953125 0.0046875 0.9859375 0 0.98125 0 0.921875 0.0296875 0.915625 0.0359375 0.9125 0.0703125 0.909375 0.0765625 0.90625 0.090625 0.90625 0.11875 0.9 0.159375 0.896875 0.175 0.890625 0.1921875 0.8875 0.2109375 0.875 0.246875 0.834375 0.278125 0.803125 0.290625 0.796875 0.29375 0.7921875 0.3234375 0.76875 0.3546875 0.75 0.3828125 0.740625 0.421875 0.7375 0.4296875 0.734375 0.44375 0.734375 0.459375 0.7296875 0.4890625 0.7296875 0.490625 0.728125 0.534375 0.7296875 0.5625 0.7359375
0 0.6125 0.484375 0.6375 0.4828125 0.646875 0.4859375 0.6515625 0.4984375 0.6671875 0.50625 0.66875 0.515625 0.6671875 0.5359375 0.6625 0.540625 0.6609375 0.5484375 0.6578125 0.5515625 0.653125 0.5515625 0.6515625 0.54375 0.646875 0.540625 0.64375 0.528125 0.6328125 0.515625 0.6296875 0.5046875 0.61875 0.4984375 0.6109375 0.4984375 0.6078125 0.4953125 0.6125 0.4859375