0 0.0296875 0.465625 0.0359375 0.4765625 0.046875 0.478125 0.0515625 0.48125 0.0515625 0.4921875 0.046875 0.5015625 0.0421875 0.5046875 0.0375 0.5015625 0.028125 0.5 0.0140625 0.5 0.0046875 0.5046875 0 0.5046875 0 0.471875 0.0140625 0.4625 0.021875 0.4625 0.028125 0.465625
0 0.5421875 0.49375 0.54375 0.4953125 0.5359375 0.5234375 0.5328125 0.521875 0.5265625 0.5234375 0.525 0.5046875 0.5328125 0.49375 0.540625 0.49375
0 0.7828125 0.515625 0.8109375 0.521875 0.828125 0.521875 0.8390625 0.528125 0.85625 0.5390625 0.884375 0.5625 0.9015625 0.5828125 0.9421875 0.6109375 0.9453125 0.6328125 0.94375 0.6359375 0.9453125 0.66875 0.9515625 0.684375 0.9515625 0.6921875 0.9390625 0.75 0.9375 0.753125 0.91875 0.765625 0.8953125 0.7765625 0.8734375 0.7828125 0.846875 0.7828125 0.8375 0.778125 0.8109375 0.778125 0.7953125 0.7703125 0.7890625 0.7703125 0.7734375 0.784375 0.7640625 0.784375 0.753125 0.7734375 0.74375 0.7515625 0.7421875 0.74375 0.74375 0.7375 0.740625 0.728125 0.73125 0.715625 0.728125 0.7078125 0.665625 0.653125 0.6578125 0.6484375 0.653125 0.6546875 0.6484375 0.6546875 0.64375 0.6515625 0.6375 0.6234375 0.6375 0.5875 0.64375 0.571875 0.653125 0.5609375 0.659375 0.5609375 0.6671875 0.55 0.6765625 0.55 0.703125 0.5234375 0.73125 0.515625 0.7609375 0.515625 0.7625 0.5171875 0.7640625 0.515625 0.78125 0.515625
0 0.084375 0.475 0.0921875 0.4765625 0.1 0.48125 0.1015625 0.484375 0.1 0.5046875 0.071875 0.509375 0.05625 0.5078125 0.053125 0.5046875 0.053125 0.4921875 0.0703125 0.4796875 0.0828125 0.475
0 0.234375 0.471875 0.24375 0.478125 0.2453125 0.48125 0.24375 0.490625 0.2265625 0.4890625 0.225 0.4765625 0.2265625 0.4734375 0.2328125 0.471875
0 0.93125 0.5953125 0.95 0.5890625 0.9796875 0.5875 0.9859375 0.584375 0.9984375 0.5828125 0.9984375 0.7140625 0.99375 0.7140625 0.96875 0.703125 0.9625 0.703125 0.95625 0.70625 0.953125 0.703125 0.9546875 0.68125 0.953125 0.675 0.9484375 0.6703125 0.9484375 0.6421875 0.946875 0.640625 0.9484375 0.628125 0.9453125 0.6203125 0.9453125 0.6109375 0.9390625 0.603125 0.934375 0.603125 0.9296875 0.5984375 0.93125 0.596875
0 0.1984375 0.4765625 0.21875 0.475 0.2234375 0.478125 0.225 0.4875 0.2234375 0.5 0.2140625 0.4984375 0.203125 0.5015625 0.196875 0.4984375 0.1921875 0.5015625 0.1890625 0.4984375 0.1890625 0.4859375 0.1984375 0.478125
0 0.453125 0.484375 0.4625 0.4921875 0.4640625 0.4953125 0.4625 0.4984375 0.4421875 0.4984375 0.440625 0.496875 0.4421875 0.4875 0.446875 0.484375 0.4515625 0.484375
0 0.5703125 0.490625 0.575 0.4953125 0.575 0.503125 0.5671875 0.5171875 0.5640625 0.53125 0.55625 0.5328125 0.55 0.5375 0.5453125 0.5375 0.5390625 0.5328125 0.5390625 0.5140625 0.54375 0.496875 0.546875 0.4921875 0.553125 0.4890625 0.56875 0.490625
0 0.640625 0.4875 0.6453125 0.4921875 0.65 0.5046875 0.6515625 0.5171875 0.6546875 0.521875 0.6546875 0.5484375 0.65625 0.55 0.6546875 0.55625 0.6453125 0.5640625 0.6421875 0.571875 0.6375 0.5765625 0.6234375 0.5734375 0.5984375 0.571875 0.5890625 0.5890625 0.584375 0.5875 0.5828125 0.584375 0.58125 0.5640625 0.575 0.5609375 0.571875 0.5671875 0.565625 0.565625 0.5671875 0.521875 0.584375 0.4890625 0.5890625 0.4859375 0.6171875 0.484375 0.6390625 0.4875
0 0.5046875 0.4875 0.509375 0.4953125 0.509375 0.525 0.50625 0.525 0.5015625 0.5203125 0.4953125 0.5203125 0.4859375 0.525 0.484375 0.51875 0.4859375 0.4984375 0.4890625 0.490625 0.49375 0.4859375 0.503125 0.4875
0 0.6328125 0.484375 0.6515625 0.484375 0.653125 0.4828125 0.665625 0.484375 0.671875 0.4890625 0.675 0.503125 0.678125 0.50625 0.6953125 0.5078125 0.6984375 0.51875 0.696875 0.5265625 0.6875 0.5328125 0.678125 0.54375 0.671875 0.546875 0.659375 0.546875 0.65625 0.540625 0.65625 0.521875 0.653125 0.5171875 0.653125 0.5109375 0.646875 0.4921875 0.6421875 0.4875 0.634375 0.4859375