1 0.5546875 0.725 0.5625 0.7296875 0.565625 0.734375 0.56875 0.7546875 0.56875 0.7765625 0.565625 0.790625 0.571875 0.8 0.575 0.8109375 0.571875 0.83125 0.5703125 0.8359375 0.5640625 0.840625 0.5609375 0.85 0.559375 0.86875 0.5546875 0.8765625 0.55 0.8734375 0.540625 0.853125 0.5390625 0.84375 0.534375 0.8390625 0.53125 0.8296875 0.5328125 0.821875 0.53125 0.7890625 0.5359375 0.7828125 0.534375 0.771875 0.5359375 0.76875 0.5359375 0.7375 0.540625 0.7296875 0.5484375 0.725 0.553125 0.725
1 0.5890625 0.621875 0.5953125 0.621875 0.5953125 0.6328125 0.5921875 0.640625 0.5890625 0.6390625 0.5890625 0.6234375
1 0.8140625 0.6765625 0.825 0.6796875 0.828125 0.6828125 0.8265625 0.7078125 0.8328125 0.71875 0.8328125 0.7328125 0.8375 0.734375 0.8421875 0.740625 0.8390625 0.7515625 0.83125 0.7609375 0.8296875 0.7796875 0.828125 0.7828125 0.8234375 0.784375 0.8140625 0.7734375 0.796875 0.759375 0.790625 0.7578125 0.7875 0.7625 0.7828125 0.7640625 0.778125 0.7546875 0.778125 0.7421875 0.7828125 0.7453125 0.7875 0.7453125 0.790625 0.740625 0.7890625 0.70625 0.79375 0.7046875 0.8125 0.684375 0.8140625 0.678125
1 0.578125 0.6203125 0.58125 0.6265625 0.578125 0.640625 0.575 0.640625 0.5734375 0.634375 0.5734375 0.6234375 0.5765625 0.621875
1 0.71875 0.6734375 0.7203125 0.6765625 0.7140625 0.6921875 0.7140625 0.7125 0.7109375 0.7203125 0.7140625 0.725 0.721875 0.7171875 0.721875 0.7125 0.7296875 0.7 0.74375 0.6921875 0.759375 0.6953125 0.7609375 0.7515625 0.765625 0.7546875 0.7671875 0.7640625 0.7625 0.7703125 0.75625 0.7734375 0.75625 0.78125 0.7515625 0.7890625 0.7484375 0.7890625 0.7421875 0.7796875 0.728125 0.765625 0.725 0.765625 0.7203125 0.7703125 0.715625 0.765625 0.7078125 0.703125 0.7109375 0.684375 0.7140625 0.675 0.7171875 0.6734375
1 0.6078125 0.628125 0.609375 0.64375 0.6015625 0.6609375 0.5984375 0.659375 0.596875 0.6515625 0.596875 0.6359375 0.6015625 0.628125 0.60625 0.628125
1 0.609375 0.6859375 0.6125 0.6859375 0.609375 0.696875 0.6078125 0.69375 0.609375 0.6875
0 0.3609375 0.609375 0.378125 0.609375 0.384375 0.61875 0.384375 0.634375 0.3828125 0.6359375 0.375 0.6375 0.3609375 0.6359375 0.359375 0.6375 0.359375 0.6125 0.3609375 0.6109375
0 0.128125 0.609375 0.1328125 0.6078125 0.1703125 0.609375 0.20625 0.634375 0.2109375 0.646875 0.2109375 0.6609375 0.20625 0.66875 0.203125 0.684375 0.2 0.6890625 0.1953125 0.690625 0.190625 0.6890625 0.1859375 0.678125 0.171875 0.6796875 0.1578125 0.6890625 0.1484375 0.7015625 0.1421875 0.7015625 0.125 0.684375 0.125 0.65 0.1265625 0.6484375 0.128125 0.6109375
0 0.540625 0.6046875 0.54375 0.6296875 0.5359375 0.6359375 0.534375 0.634375 0.534375 0.6109375 0.5359375 0.60625 0.5390625 0.6046875
0 0.4609375 0.625 0.4609375 0.6125 0.465625 0.6046875 0.4703125 0.6046875 0.4734375 0.6078125 0.475 0.6234375 0.4734375 0.6265625 0.4625 0.625